,date,state,deaths,Icu hospitalized,positive cases viral,positive increase,test results total,test increase
0,2021-03-07,NY,59,999.0,,6789,39695100,227768
1,2021-03-06,NY,79,1012.0,,7647,39467332,273132
2,2021-03-05,NY,95,1030.0,,8956,39194200,296935
3,2021-03-04,NY,61,1043.0,,7593,38897265,270089
4,2021-03-03,NY,75,1047.0,,7704,38627176,218069
5,2021-03-02,NY,83,1076.0,,5800,38409107,128034
6,2021-03-01,NY,80,1065.0,,6235,38281073,174158
7,2021-02-28,NY,90,1083.0,,7580,38106915,273720
8,2021-02-27,NY,86,1121.0,,8141,37833195,285307
9,2021-02-26,NY,94,1132.0,,8204,37547888,291189
10,2021-02-25,NY,92,1124.0,,8746,37256699,278942
11,2021-02-24,NY,104,1154.0,,6189,36977757,216813
12,2021-02-23,NY,90,1176.0,,6654,36760944,157333
13,2021-02-22,NY,90,1148.0,,6146,36603611,142019
14,2021-02-21,NY,75,1162.0,,6610,36461592,221157
15,2021-02-20,NY,101,1162.0,,7692,36240435,251645
16,2021-02-19,NY,119,1199.0,,8710,35988790,249248
17,2021-02-18,NY,116,1258.0,,6794,35739542,215731
18,2021-02-17,NY,112,1273.0,,6092,35523811,169963
19,2021-02-16,NY,107,1271.0,,6753,35353848,136392
20,2021-02-15,NY,103,1270.0,,6365,35217456,180504
21,2021-02-14,NY,109,1285.0,,8316,35036952,234708
22,2021-02-13,NY,127,1328.0,,8763,34802244,253563
23,2021-02-12,NY,139,1358.0,,8404,34548681,237134
24,2021-02-11,NY,124,1402.0,,10099,34311547,285499
25,2021-02-10,NY,138,1423.0,,7101,34026048,176750
26,2021-02-09,NY,142,1412.0,,7866,33849298,153648
27,2021-02-08,NY,115,1454.0,,8448,33695650,197183
28,2021-02-07,NY,145,1459.0,,10025,33498467,250892
29,2021-02-06,NY,159,1481.0,,11252,33247575,261285
30,2021-02-05,NY,153,1516.0,,8777,32986290,203627
31,2021-02-04,NY,136,1506.0,,7414,32782663,169186
32,2021-02-03,NY,165,1522.0,,5925,32613477,126489
33,2021-02-02,NY,147,1503.0,,8215,32486988,150199
34,2021-02-01,NY,141,1500.0,,8508,32336789,175038
35,2021-01-31,NY,142,1534.0,,10793,32161751,243066
36,2021-01-30,NY,143,1551.0,,12804,31918685,269350
37,2021-01-29,NY,151,1543.0,,12579,31649335,270518
38,2021-01-28,NY,163,1584.0,,13398,31378817,250668
39,2021-01-27,NY,172,1558.0,,11028,31128149,202661
40,2021-01-26,NY,165,1544.0,,11064,30925488,162938
41,2021-01-25,NY,173,1522.0,,12003,30762550,219538
42,2021-01-24,NY,162,1527.0,,12720,30543012,249955
43,2021-01-23,NY,144,1562.0,,13786,30293057,262106
44,2021-01-22,NY,169,1546.0,,15144,30030951,268001
45,2021-01-21,NY,179,1560.0,,13886,29762950,224569
46,2021-01-20,NY,191,1621.0,,13364,29538381,195409
47,2021-01-19,NY,172,1614.0,,12512,29342972,177269
48,2021-01-18,NY,155,1523.0,,12185,29165703,186205
49,2021-01-17,NY,172,1550.0,,13842,28979498,246507
50,2021-01-16,NY,159,1580.0,,15998,28732991,277286
51,2021-01-15,NY,187,1570.0,,19942,28455705,324671
52,2021-01-14,NY,204,1536.0,,13661,28131034,212589
53,2021-01-13,NY,168,1501.0,,14577,27918445,196868
54,2021-01-12,NY,166,1492.0,,15214,27721577,196671
55,2021-01-11,NY,169,1426.0,,13714,27524906,203904
56,2021-01-10,NY,153,1436.0,,15355,27321002,246836
57,2021-01-09,NY,190,1428.0,,16943,27074166,258031
58,2021-01-08,NY,165,1475.0,,18832,26816135,243903
59,2021-01-07,NY,199,1424.0,,17636,26572232,238550
60,2021-01-06,NY,163,1408.0,,16648,26333682,197816
61,2021-01-05,NY,154,1392.0,,12666,26135866,152402
62,2021-01-04,NY,172,1357.0,,11209,25983464,134360
63,2021-01-03,NY,139,1344.0,,11368,25849104,142345
64,2021-01-02,NY,129,1321.0,,15074,25706759,202446
65,2021-01-01,NY,168,1292.0,,16497,25504313,219253
66,2020-12-31,NY,135,1276.0,,16802,25285060,216587
67,2020-12-30,NY,149,1250.0,,13422,25068473,154949
68,2020-12-29,NY,127,1224.0,,11438,24913524,160164
69,2020-12-28,NY,118,1222.0,,10407,24753360,124866
70,2020-12-27,NY,115,1187.0,,7623,24628494,130299
71,2020-12-26,NY,126,1129.0,,10806,24498195,201442
72,2020-12-25,NY,121,1148.0,,12446,24296753,226560
73,2020-12-24,NY,133,1160.0,,12568,24070193,226296
74,2020-12-23,NY,166,1166.0,,11937,23843897,204361
75,2020-12-22,NY,141,1126.0,,9716,23639536,164868
76,2020-12-21,NY,111,1095.0,,9007,23474668,156510
77,2020-12-20,NY,124,1045.0,,9957,23318158,197251
78,2020-12-19,NY,130,1088.0,,9919,23120907,191476
79,2020-12-18,NY,122,1068.0,,12697,22929431,249385
80,2020-12-17,NY,122,1095.0,,10914,22680046,202772
81,2020-12-16,NY,98,1098.0,,9998,22477274,160947
82,2020-12-15,NY,132,1065.0,,10353,22316327,194188
83,2020-12-14,NY,85,1040.0,,9044,22122139,159844
84,2020-12-13,NY,110,1009.0,,10194,21962295,205250
85,2020-12-12,NY,88,1029.0,,11129,21757045,242927
86,2020-12-11,NY,89,1007.0,,10595,21514118,212672
87,2020-12-10,NY,94,994.0,,10178,21301446,197406
88,2020-12-09,NY,97,952.0,,10600,21104040,194595
89,2020-12-08,NY,75,906.0,,9335,20909445,162464
90,2020-12-07,NY,83,872.0,,7302,20746981,152287
91,2020-12-06,NY,60,850.0,,9702,20594694,205832
92,2020-12-05,NY,72,825.0,,10761,20388862,215401
93,2020-12-04,NY,62,795.0,,11271,20173461,208297
94,2020-12-03,NY,66,783.0,,9855,19965164,203440
95,2020-12-02,NY,73,742.0,,8973,19761724,193551
96,2020-12-01,NY,69,718.0,,7285,19568173,146675
97,2020-11-30,NY,57,681.0,,6819,19421498,148974
98,2020-11-29,NY,58,667.0,,6723,19272524,157320
99,2020-11-28,NY,44,654.0,,6063,19115204,152355
100,2020-11-27,NY,39,636.0,,8176,18962849,219442
101,2020-11-26,NY,67,628.0,,6933,18743407,217721
102,2020-11-25,NY,41,596.0,,6265,18525686,173085
103,2020-11-24,NY,51,559.0,,4881,18352601,164761
104,2020-11-23,NY,33,545.0,,5906,18187840,191489
105,2020-11-22,NY,31,502.0,,5392,17996351,196610
106,2020-11-21,NY,34,467.0,,5972,17799741,207907
107,2020-11-20,NY,35,445.0,,5468,17591834,205466
108,2020-11-19,NY,32,437.0,,5310,17386368,195239
109,2020-11-18,NY,36,423.0,,5294,17191129,154434
110,2020-11-17,NY,30,408.0,,5088,17036695,159852
111,2020-11-16,NY,26,391.0,,3490,16876843,124565
112,2020-11-15,NY,30,378.0,,3649,16752278,133202
113,2020-11-14,NY,24,367.0,,5388,16619076,184162
114,2020-11-13,NY,24,331.0,,5401,16434914,203721
115,2020-11-12,NY,29,308.0,,4797,16231193,162627
116,2020-11-11,NY,21,304.0,,4820,16068566,164300
117,2020-11-10,NY,32,296.0,,3965,15904266,128036
118,2020-11-09,NY,26,282.0,,3144,15776230,111416
119,2020-11-08,NY,19,295.0,,3428,15664814,145642
120,2020-11-07,NY,18,308.0,,3587,15519172,163291
121,2020-11-06,NY,18,285.0,,3209,15355881,160705
122,2020-11-05,NY,24,268.0,,2997,15195176,161019
123,2020-11-04,NY,15,284.0,,2126,15034157,133534
124,2020-11-03,NY,15,268.0,,2321,14900623,127869
125,2020-11-02,NY,14,276.0,,1633,14772754,96101
126,2020-11-01,NY,17,259.0,,2255,14676653,148935
127,2020-10-31,NY,3,248.0,,2049,14527718,136962
128,2020-10-30,NY,12,243.0,,2255,14390756,146885
129,2020-10-29,NY,19,237.0,,2499,14243871,168353
130,2020-10-28,NY,15,236.0,,2031,14075518,129660
131,2020-10-27,NY,16,233.0,,1991,13945858,111618
132,2020-10-26,NY,12,237.0,,1191,13834240,82117
133,2020-10-25,NY,12,227.0,,1632,13752123,120830
134,2020-10-24,NY,13,231.0,,2061,13631293,156940
135,2020-10-23,NY,11,223.0,,1637,13474353,141508
136,2020-10-22,NY,15,209.0,,1628,13332845,135341
137,2020-10-21,NY,7,201.0,,2026,13197504,124789
138,2020-10-20,NY,13,194.0,,1201,13072715,90540
139,2020-10-19,NY,15,198.0,,998,12982175,82009
140,2020-10-18,NY,7,200.0,,1390,12900166,128763
141,2020-10-17,NY,9,195.0,,1784,12771403,159972
142,2020-10-16,NY,10,200.0,,1707,12611431,136039
143,2020-10-15,NY,13,197.0,,1460,12475392,133212
144,2020-10-14,NY,7,201.0,,1232,12342180,111744
145,2020-10-13,NY,11,181.0,,1393,12230436,99070
146,2020-10-12,NY,13,185.0,,1029,12131366,91793
147,2020-10-11,NY,5,186.0,,1143,12039573,118254
148,2020-10-10,NY,8,179.0,,1447,11921319,134579
149,2020-10-09,NY,6,168.0,,1592,11786740,139300
150,2020-10-08,NY,10,172.0,,1836,11647440,145811
151,2020-10-07,NY,9,176.0,,1360,11501629,108246
152,2020-10-06,NY,9,158.0,,1393,11393383,96359
153,2020-10-05,NY,8,149.0,,933,11297024,76404
154,2020-10-04,NY,14,138.0,,1222,11220620,110329
155,2020-10-03,NY,8,149.0,,1731,11110291,134267
156,2020-10-02,NY,7,146.0,,1598,10976024,119493
157,2020-10-01,NY,11,141.0,,1382,10856531,109218
158,2020-09-30,NY,9,144.0,,1000,10747313,97960
159,2020-09-29,NY,2,147.0,,1189,10649353,88231
160,2020-09-28,NY,12,135.0,,834,10561122,52936
161,2020-09-27,NY,6,155.0,,866,10508186,84770
162,2020-09-26,NY,4,164.0,,1005,10423416,99953
163,2020-09-25,NY,7,154.0,,908,10323463,94818
164,2020-09-24,NY,2,145.0,,955,10228645,92953
165,2020-09-23,NY,5,141.0,,665,10135692,70930
166,2020-09-22,NY,4,133.0,,754,10064762,83997
167,2020-09-21,NY,1,134.0,,573,9980765,58319
168,2020-09-20,NY,2,132.0,,862,9922446,100355
169,2020-09-19,NY,2,144.0,,986,9822091,110444
170,2020-09-18,NY,10,141.0,,790,9711647,89727
171,2020-09-17,NY,3,135.0,,896,9621920,91504
172,2020-09-16,NY,5,138.0,,652,9530416,75087
173,2020-09-15,NY,11,144.0,,766,9455329,73678
174,2020-09-14,NY,4,143.0,,583,9381651,63358
175,2020-09-13,NY,6,131.0,,725,9318293,72668
176,2020-09-12,NY,2,127.0,,849,9245625,102925
177,2020-09-11,NY,5,120.0,,880,9142700,89722
178,2020-09-10,NY,7,120.0,,757,9052978,76813
179,2020-09-09,NY,3,121.0,,576,8976165,63230
180,2020-09-08,NY,6,114.0,,557,8912935,57826
181,2020-09-07,NY,2,115.0,,520,8855109,58865
182,2020-09-06,NY,9,119.0,,729,8796244,85630
183,2020-09-05,NY,2,115.0,,801,8710614,99761
184,2020-09-04,NY,5,116.0,,864,8610853,93395
185,2020-09-03,NY,7,117.0,,889,8517458,88981
186,2020-09-02,NY,5,117.0,,708,8428477,88447
187,2020-09-01,NY,3,109.0,,754,8340030,76997
188,2020-08-31,NY,1,109.0,,656,8263033,66241
189,2020-08-30,NY,8,112.0,,698,8196792,100022
190,2020-08-29,NY,7,116.0,,635,8096770,93873
191,2020-08-28,NY,3,122.0,,636,8002897,97826
192,2020-08-27,NY,4,126.0,,791,7905071,83437
193,2020-08-26,NY,8,136.0,,566,7821634,71189
194,2020-08-25,NY,2,133.0,,629,7750445,67255
195,2020-08-24,NY,7,120.0,,408,7683190,62031
196,2020-08-23,NY,6,110.0,,572,7621159,74043
197,2020-08-22,NY,4,116.0,,653,7547116,94849
198,2020-08-21,NY,3,119.0,,709,7452267,98880
199,2020-08-20,NY,5,120.0,,601,7353387,80984
200,2020-08-19,NY,6,131.0,,631,7272403,80425
201,2020-08-18,NY,8,126.0,,655,7191978,66891
202,2020-08-17,NY,6,133.0,,408,7125087,56891
203,2020-08-16,NY,6,128.0,,607,7068196,77692
204,2020-08-15,NY,12,120.0,,734,6990504,88668
205,2020-08-14,NY,4,127.0,,727,6901836,85455
206,2020-08-13,NY,10,124.0,,737,6816381,87900
207,2020-08-12,NY,7,123.0,,700,6728481,87776
208,2020-08-11,NY,7,120.0,,667,6640705,77059
209,2020-08-10,NY,2,127.0,,476,6563646,54002
210,2020-08-09,NY,7,131.0,,515,6509644,65812
211,2020-08-08,NY,5,133.0,,703,6443832,74857
212,2020-08-07,NY,5,139.0,,714,6368975,70170
213,2020-08-06,NY,6,132.0,,703,6298805,72370
214,2020-08-05,NY,4,134.0,,636,6226435,72668
215,2020-08-04,NY,3,139.0,,746,6153767,70993
216,2020-08-03,NY,2,136.0,,545,6082774,51839
217,2020-08-02,NY,6,143.0,,531,6030935,58961
218,2020-08-01,NY,14,147.0,,753,5971974,82737
219,2020-07-31,NY,5,140.0,,644,5889237,68869
220,2020-07-30,NY,13,142.0,,777,5820368,73546
221,2020-07-29,NY,6,154.0,,715,5746822,62276
222,2020-07-28,NY,9,152.0,,534,5684546,57397
223,2020-07-27,NY,11,149.0,,608,5627149,57270
224,2020-07-26,NY,3,155.0,,536,5569879,53568
225,2020-07-25,NY,13,149.0,,750,5516311,71466
226,2020-07-24,NY,9,156.0,,753,5444845,76507
227,2020-07-23,NY,13,160.0,,811,5368338,69698
228,2020-07-22,NY,10,179.0,,705,5298640,67659
229,2020-07-21,NY,2,163.0,,855,5230981,66169
230,2020-07-20,NY,8,158.0,,519,5164812,49342
231,2020-07-19,NY,13,160.0,,502,5115470,46204
232,2020-07-18,NY,11,172.0,,754,5069266,69817
233,2020-07-17,NY,10,179.0,,776,4999449,78239
234,2020-07-16,NY,11,165.0,,769,4921210,72685
235,2020-07-15,NY,9,165.0,,831,4848525,63598
236,2020-07-14,NY,5,167.0,,912,4784927,60045
237,2020-07-13,NY,10,175.0,,557,4724882,51687
238,2020-07-12,NY,5,174.0,,677,4673195,62418
239,2020-07-11,NY,6,177.0,,730,4610777,69203
240,2020-07-10,NY,9,178.0,,786,4541574,73558
241,2020-07-09,NY,15,173.0,,584,4468016,65564
242,2020-07-08,NY,20,166.0,,692,4402452,57585
243,2020-07-07,NY,11,160.0,,588,4344867,56736
244,2020-07-06,NY,9,170.0,,518,4288131,54328
245,2020-07-05,NY,8,178.0,,533,4233803,63415
246,2020-07-04,NY,11,190.0,,726,4170388,62403
247,2020-07-03,NY,8,188.0,,918,4107985,66392
248,2020-07-02,NY,11,209.0,,875,4041593,69945
249,2020-07-01,NY,11,226.0,,625,3971648,56710
250,2020-06-30,NY,13,217.0,,524,3914938,52025
251,2020-06-29,NY,7,216.0,,391,3862913,46428
252,2020-06-28,NY,5,229.0,,616,3816485,61906
253,2020-06-27,NY,16,230.0,,703,3754579,73262
254,2020-06-26,NY,14,244.0,,805,3681317,61723
255,2020-06-25,NY,18,270.0,,749,3619594,67642
256,2020-06-24,NY,16,290.0,,581,3551952,51144
257,2020-06-23,NY,27,302.0,,597,3500808,48709
258,2020-06-22,NY,14,330.0,,552,3452099,56780
259,2020-06-21,NY,15,332.0,,664,3395319,67526
260,2020-06-20,NY,24,335.0,,716,3327793,68830
261,2020-06-19,NY,25,359.0,,796,3258963,79303
262,2020-06-18,NY,32,388.0,,618,3179660,68541
263,2020-06-17,NY,21,431.0,,567,3111119,59341
264,2020-06-16,NY,29,449.0,,631,3051778,60568
265,2020-06-15,NY,28,470.0,,620,2991210,56611
266,2020-06-14,NY,24,499.0,,694,2934599,62359
267,2020-06-13,NY,32,517.0,,916,2872240,70840
268,2020-06-12,NY,53,552.0,,822,2801400,72395
269,2020-06-11,NY,38,581.0,,736,2729005,60839
270,2020-06-10,NY,56,630.0,,674,2668166,62297
271,2020-06-09,NY,49,663.0,,683,2605869,49973
272,2020-06-08,NY,40,678.0,,702,2555896,58054
273,2020-06-07,NY,47,704.0,,781,2497842,60435
274,2020-06-06,NY,37,720.0,,1108,2437407,77895
275,2020-06-05,NY,42,758.0,,1075,2359512,66480
276,2020-06-04,NY,54,832.0,,1048,2293032,63559
277,2020-06-03,NY,56,865.0,,1045,2229473,61642
278,2020-06-02,NY,64,907.0,,1329,2167831,54054
279,2020-06-01,NY,54,999.0,,941,2113777,49952
280,2020-05-31,NY,57,1050.0,,1110,2063825,58444
281,2020-05-30,NY,68,1124.0,,1376,2005381,61251
282,2020-05-29,NY,58,1164.0,,1551,1944130,67341
283,2020-05-28,NY,79,1219.0,,1768,1876789,65245
284,2020-05-27,NY,79,1261.0,,1129,1811544,37416
285,2020-05-26,NY,76,1273.0,,1072,1774128,34679
286,2020-05-25,NY,97,1366.0,,1249,1739449,39623
287,2020-05-24,NY,109,1406.0,,1589,1699826,47765
288,2020-05-23,NY,87,1502.0,,1772,1652061,51268
289,2020-05-22,NY,112,1581.0,,1696,1600793,45738
290,2020-05-21,NY,107,1695.0,,2088,1555055,49219
291,2020-05-20,NY,133,1761.0,,1525,1505836,38097
292,2020-05-19,NY,114,1836.0,,1474,1467739,28182
293,2020-05-18,NY,110,1908.0,,1250,1439557,26161
294,2020-05-17,NY,141,1981.0,,1889,1413396,34679
295,2020-05-16,NY,174,2077.0,,2419,1378717,40669
296,2020-05-15,NY,134,2156.0,,2762,1338048,39291
297,2020-05-14,NY,157,2223.0,,2390,1298757,39850
298,2020-05-13,NY,168,2308.0,,2176,1258907,33794
299,2020-05-12,NY,205,2375.0,,1430,1225113,20463
300,2020-05-11,NY,162,2450.0,,1660,1204650,21652
301,2020-05-10,NY,207,2488.0,,2273,1182998,29230
302,2020-05-09,NY,226,2664.0,,2715,1153768,32225
303,2020-05-08,NY,217,2811.0,,2938,1121543,31627
304,2020-05-07,NY,951,2976.0,,3491,1089916,33995
305,2020-05-06,NY,232,3098.0,,2786,1055921,27022
306,2020-05-05,NY,230,3281.0,,2239,1028899,21589
307,2020-05-04,NY,226,3330.0,,2538,1007310,21399
308,2020-05-03,NY,280,3430.0,,3438,985911,26894
309,2020-05-02,NY,299,3501.0,,4663,959017,31579
310,2020-05-01,NY,289,3640.0,,3942,927438,26802
311,2020-04-30,NY,306,3769.0,,4681,900636,28155
312,2020-04-29,NY,377,3923.0,,4585,872481,27487
313,2020-04-28,NY,335,4071.0,,3110,844994,18899
314,2020-04-27,NY,337,4157.0,,3951,826095,20745
315,2020-04-26,NY,367,4284.0,,5902,805350,27782
316,2020-04-25,NY,437,4410.0,,10553,777568,46912
317,2020-04-24,NY,422,4540.0,,8130,730656,34736
318,2020-04-23,NY,438,4597.0,,6244,695920,25938
319,2020-04-22,NY,474,4690.0,,5526,669982,20657
320,2020-04-21,NY,481,4729.0,,4178,649325,15464
321,2020-04-20,NY,478,4814.0,,4726,633861,16306
322,2020-04-19,NY,507,4878.0,,6054,617555,21023
323,2020-04-18,NY,540,4996.0,,7090,596532,23309
324,2020-04-17,NY,630,5039.0,,7358,573223,22644
325,2020-04-16,NY,606,5071.0,,8505,550579,24567
326,2020-04-15,NY,752,5205.0,,11571,526012,26869
327,2020-04-14,NY,778,5225.0,,7177,499143,20786
328,2020-04-13,NY,671,5156.0,,6337,478357,16756
329,2020-04-12,NY,758,5198.0,,8236,461601,20621
330,2020-04-11,NY,783,5009.0,,9946,440980,23095
331,2020-04-10,NY,777,4908.0,,10575,417885,26336
332,2020-04-09,NY,799,4925.0,,10621,391549,26396
333,2020-04-08,NY,779,4841.0,,10453,365153,25095
334,2020-04-07,NY,731,4539.0,,8174,340058,19247
335,2020-04-06,NY,599,4504.0,,8658,320811,18531
336,2020-04-05,NY,594,4376.0,,8327,302280,18659
337,2020-04-04,NY,630,4126.0,,10841,283621,23101
338,2020-04-03,NY,562,3731.0,,10482,260520,21555
339,2020-04-02,NY,432,3396.0,,8669,238965,18031
340,2020-04-01,NY,391,3022.0,,7917,220934,15701
341,2020-03-31,NY,332,2710.0,,9298,205233,18648
342,2020-03-30,NY,253,2352.0,,6984,186585,14115
343,2020-03-29,NY,237,2037.0,,7195,172470,16401
344,2020-03-28,NY,209,1755.0,,7681,156069,17444
345,2020-03-27,NY,134,1583.0,,7379,138625,16315
346,2020-03-26,NY,100,1290.0,,6448,122310,18651
347,2020-03-25,NY,75,,,5145,103659,12142
348,2020-03-24,NY,96,,,4790,91517,12952
349,2020-03-23,NY,0,,,5707,78565,16812
350,2020-03-22,NY,70,,,4812,61753,16029
351,2020-03-21,NY,9,,,3254,45724,13087
352,2020-03-20,NY,23,,,2950,32637,10124
353,2020-03-19,NY,0,,,1769,22513,7698
354,2020-03-18,NY,5,,,1009,14815,4553
355,2020-03-17,NY,0,,,432,10262,2907
356,2020-03-16,NY,4,,,294,7355,1936
357,2020-03-15,NY,3,,,131,5419,1293
358,2020-03-14,NY,0,,,164,4126,1290
359,2020-03-13,NY,0,,,102,2836,762
360,2020-03-12,NY,0,,,56,2074,553
361,2020-03-11,NY,0,,,44,1521,425
362,2020-03-10,NY,0,,,63,1096,401
363,2020-03-09,NY,0,,,28,695,307
364,2020-03-08,NY,0,,,24,388,200
365,2020-03-07,NY,0,,,11,188,66
366,2020-03-06,NY,0,,,22,122,92
367,2020-03-05,NY,0,,,2,30,20
368,2020-03-04,NY,0,,,0,10,9
369,2020-03-03,NY,0,,,1,1,1
370,2020-03-02,NY,0,,,0,0,0
